1.734091524999999834e+01
1.344746402999999724e+01
1.366318902000000080e+01
1.658268902000000011e+01
1.441675712000000154e+01
1.556399001999999854e+01
2.601841596799999934e+01
1.359496011999999965e+01
1.170328004999999827e+01
2.029072023000000158e+01
1.767308701999999698e+01
1.364497304000000000e+01
1.649616805000000141e+01
1.158812921999999901e+01
1.759447604999999726e+01
9.695356130000000405e+00
1.369318303999999920e+01
2.034822243899999705e+01
1.443288701999999901e+01
1.857537402999999898e+01
1.347772043900000050e+01
1.831737402999999986e+01
1.465358104000000061e+01
1.744535911999999911e+01
2.097404023799999706e+01
2.329537702000000365e+01
1.929268352900000139e+01
2.230687401000000136e+01
1.533496510000000157e+01
2.357490883800000248e+01
1.556675013999999990e+01
1.076228901999999898e+01
1.742225485800000229e+01
1.750636506000000026e+01
1.538423193799999922e+01
1.848537705000000031e+01
9.851294010000000156e+00
2.581311125999999945e+01
1.253802142899999872e+01
2.021586608000000140e+01
1.939285285800000125e+01
1.274278502999999851e+01
1.077199500999999948e+01
2.214722973899999658e+01
1.502653592799999771e+01
1.206719822700000044e+01
9.696127429000002351e+00
1.366496310999999864e+01
1.478189101999999977e+01
2.037577402999999521e+01
1.614607434999999924e+01
1.645932423000000000e+01
1.348098555900000051e+01
1.375199300999999963e+01
1.753734415999999996e+01
1.721682093799999791e+01
1.551705013999999849e+01
1.559357805000000141e+01
1.475278503000000008e+01
2.029776302999999871e+01
1.848605612000000065e+01
1.370318203999999973e+01
2.243587504999999638e+01
2.406628002999999794e+01
1.079248602999999918e+01
1.737398701999999773e+01
9.682486029999999744e+00
1.072466310999999983e+01
1.551774116999999897e+01
1.662427704999999989e+01
1.471259000999999955e+01
1.449318204000000065e+01
1.865288801999999890e+01
1.136021842899999967e+01
1.062753321000000106e+01
2.028051624999999802e+01
2.505908426699999936e+01
1.661308204000000188e+01
1.642235485799999850e+01
2.333608701999999724e+01
1.945299102000000246e+01
1.554268901000000014e+01
9.647120448999999098e+00
1.936575811999999885e+01
8.666430409000000168e+00
1.770308402999999942e+01
2.320905305999999868e+01
1.362722540900000112e+01
1.273278603000000153e+01
9.714763109999999813e+00
2.239736702000000079e+01
1.364427405999999898e+01
1.821245485800000097e+01
1.467338303000000010e+01
1.454498204000000072e+01
1.550038954899999943e+01
1.556478500000000054e+01
1.567249600000000065e+01
1.153754515000000147e+01
1.538841642899999940e+01
1.847616903999999849e+01
1.453675113999999802e+01
1.668189102000000190e+01
1.366348303000000008e+01
1.066575313999999963e+01
1.566308502999999952e+01
1.269515911999999958e+01
2.125113113999999825e+01
1.943775905000000037e+01
2.122686704000000191e+01
1.184019999999999939e+01
1.758378303000000287e+01
1.560497403999999833e+01
1.836716907000000276e+01
1.361259100999999916e+01
1.935305384799999828e+01
1.467368202999999838e+01
1.839577205999999876e+01
1.351831944899999982e+01
1.551577303000000008e+01
9.841790020000001249e+00
2.196901245900000177e+01
1.641308403000000027e+01
1.834538403000000173e+01
1.938724913999999799e+01
1.427633173899999974e+01
1.747734914000000117e+01
8.871392020000000045e+00
1.614023120999999961e+01
9.762092009999999931e+00
1.647812442899999752e+01
2.058585512999999878e+01
1.071129501000000062e+01
1.719265584800000113e+01
1.448911542899999993e+01
1.905667034000000015e+01
1.258577101999999925e+01
1.946696305999999765e+01
2.062672642900000142e+01
1.757458101000000283e+01
1.761309400000000025e+01
1.651516210999999856e+01
1.754537106000000080e+01
1.169179102000000015e+01
1.744942323000000073e+01
1.572288502999999871e+01
3.099774364900000023e+01
1.350538103999999962e+01
2.220114305999999971e+01
1.738885305999999886e+01
1.938109053899999523e+01
2.101040976899999890e+01
7.675458120000000051e+00
2.159407805000000380e+01
1.847467405999999812e+01
8.782783039999999986e+00
9.753085009999999500e+00
1.560349000999999980e+01
1.624379229999999907e+01
2.544666305999999878e+01
2.238776005999999796e+01
1.743488003999999947e+01
1.645930946899999725e+01
2.121153115999999983e+01
1.379159499999999916e+01
1.323857106999999900e+01
1.364652642899999968e+01
2.110031724999999980e+01
1.167248603000000173e+01
1.181149401000000054e+01
2.355437904000000060e+01
1.057476810000000000e+01
1.541578103999999882e+01
2.228081922999999875e+01
1.456732442899999924e+01
1.835885801999999956e+01
1.256597301000000044e+01
2.547537304999999819e+01
1.553508200999999822e+01
1.940831644900000086e+01
1.166348802000000084e+01
1.439746605000000201e+01
2.247567902000000117e+01
2.554388203999999973e+01
1.810727604999999940e+01
2.353507206000000096e+01
1.559566311000000027e+01
1.542821644900000067e+01
1.581198803000000019e+01
1.736507502999999986e+01
2.156507106999999834e+01
1.727032044899999619e+01
2.341676605000000322e+01
1.748498202999999762e+01
1.574189301000000007e+01
1.571189301000000071e+01
1.710366682800000149e+01
1.559477801999999969e+01
1.146842821999999984e+01
1.621004014000000026e+01
2.615169549900000234e+01
1.479159499999999916e+01
2.150782043899999962e+01
2.122201524999999833e+01
1.553675213000000177e+01
2.067288701999999745e+01
1.079218902000000035e+01
1.766328303999999960e+01
1.743725711999999817e+01
2.419867104000000069e+01
1.739051624999999746e+01
1.371358300999999891e+01
1.917035200999999844e+01
1.570279102000000115e+01
1.362662741900000007e+01
1.078159400999999917e+01
1.439219433000000059e+01
1.840378103999999837e+01
1.359655213000000096e+01
2.418074806999999993e+01
2.205597106999999824e+01
1.767219301000000087e+01
1.958447604999999925e+01
1.467377805000000102e+01
1.946479001000000153e+01
2.037815804999999614e+01
1.170308402999999942e+01
1.367318602000000105e+01
9.841591019999999190e+00
2.035178554899999881e+01
1.844716006999999891e+01
1.462516210999999977e+01
1.273159301000000099e+01
2.304919026699999662e+01
2.208211723999999521e+01
1.377218802999999880e+01
1.430904512999999945e+01
1.169486112000000055e+01
1.835815706999999719e+01
2.295519922999999807e+01
1.946666504999999958e+01
1.362615412999999975e+01
1.060329699999999775e+01
1.731984213000000139e+01
1.451682542900000072e+01
1.345030445899999982e+01
2.214946634700000061e+01
1.941795013999999853e+01
2.247507604000000470e+01
1.063497502999999966e+01
1.948448602000000207e+01
1.793985534999999842e+01
1.625035304000000025e+01
1.659467804999999885e+01
1.363447901999999878e+01
1.444249001000000021e+01
1.554722542900000093e+01
1.654625612000000245e+01
1.458408803000000020e+01
1.834269034000000076e+01
1.269358202999999818e+01
8.860797999999999064e+00
2.024289844900000190e+01
1.064732440899999943e+01
1.734195784799999984e+01
2.426707202999999424e+01
2.528121424999999789e+01
1.439012422999999963e+01
1.376199301000000119e+01
1.755575911999999761e+01
1.356358104000000075e+01
2.359269399999999806e+01
2.104852342899999940e+01
2.241746304999999850e+01
1.438199200999999938e+01
2.546497704000000084e+01
1.864348302999999873e+01
1.810120230999999791e+01
3.481088705800000582e+01
1.721992222999999811e+01
1.545785805000000046e+01
8.762487029999999066e+00
1.862328502999999813e+01
1.917144705000000116e+01
1.165299301000000121e+01
9.685831418999999443e+00
1.371278603000000196e+01
1.264428001999999829e+01
1.943548402999999780e+01
1.763368103999999903e+01
1.260585711999999958e+01
1.753219200999999927e+01
1.533955403000000040e+01
1.941931641900000116e+01
1.273318203999999909e+01
1.364575512999999951e+01
1.698511814999999814e+01
1.175129400999999874e+01
1.671239100999999749e+01
9.722494999999998555e+00
1.674258602999999823e+01
2.249547105999999985e+01
7.831792010000000026e+00
1.240766112000000021e+01
1.754358303000000063e+01
1.439901343899999908e+01
1.749705112999999912e+01
2.043764615000000262e+01
1.058248603000000010e+01
1.626994011000000029e+01
1.541086383800000092e+01
1.370318203999999973e+01
1.352752043899999990e+01
1.837487602999999936e+01
1.461467801999999949e+01
2.051596706999999853e+01
1.826945204000000089e+01
1.805793484799999860e+01
1.753645612000000398e+01
1.655593141900000020e+01
1.543099152899999993e+01
1.545734911999999817e+01
1.356722641899999893e+01
1.472229201000000032e+01
1.937841644899999594e+01
1.832120543900000342e+01
1.800656552899999951e+01
1.162388503000000028e+01
1.247890250900000098e+01
1.451782542899999839e+01
1.997343704999999758e+01
1.575179401000000112e+01
1.447715911999999960e+01
1.375219101000000066e+01
1.531158355899999890e+01
1.669357904999999676e+01
1.080208803000000017e+01
1.564358303000000028e+01
1.553487805000000144e+01
1.073278603000000153e+01
1.668298701999999878e+01
2.152645313000000016e+01
1.617547833999999796e+01
9.411870818000000583e+00
2.119583292799999796e+01
1.158515712999999892e+01
1.735712542899999988e+01
1.652258901999999807e+01
1.274189301000000007e+01
1.813949402800000144e+01
2.146576905999999951e+01
1.466348203999999988e+01
2.346468602000000203e+01
2.155408303000000103e+01
1.429519699999999993e+01
1.949468302999999736e+01
1.055389601000000077e+01
1.254655713000000006e+01
1.068228901999999891e+01
1.635269401000000045e+01
1.069169202000000141e+01
1.862437604999999863e+01
1.447814512999999970e+01
1.658298502999999968e+01
1.733991744899999787e+01
1.251367605999999810e+01
1.559742143900000144e+01
1.275228802999999900e+01
1.553537304999999868e+01
1.331347951899999948e+01
2.396708427000000086e+01
1.555457106999999972e+01
2.018841744899999924e+01
2.130338702000000239e+01
1.961368003999999843e+01
2.830885604999999927e+01
1.633885014000000169e+01
1.164553141900000099e+01
2.036911943899999855e+01
1.442904013999999968e+01
2.220628602000000029e+01
2.321275883799999917e+01
1.825299200999999982e+01
2.151546907000000175e+01
1.674209201000000036e+01
1.427290821999999793e+01
1.068467404000000087e+01
1.459487603000000000e+01
1.269603041899999951e+01
1.172298503000000025e+01
1.747755114000000276e+01
1.463457801999999930e+01
1.186099500999999989e+01
1.735159944899999829e+01
1.276219001999999847e+01
1.460457801999999816e+01
2.019257060900000056e+01
1.765368003999999758e+01
1.829011923999999567e+01
1.621926535699999761e+01
2.277321564900000084e+01
1.278208803000000060e+01
1.350891046899999992e+01
1.759289401000000197e+01
2.131687505000000016e+01
1.731211422999999883e+01
2.541586906999999940e+01
2.637991043899999966e+01
1.538676901999999913e+01
1.755507206000000053e+01
1.468199001999999886e+01
1.430280622999999807e+01
2.011335684799999868e+01
1.341953911999999960e+01
1.861358402999999839e+01
1.556517105999999728e+01
1.646398802000000217e+01
2.004425482799999969e+01
1.653652642899999847e+01
1.431956201999999934e+01
1.356596210999999919e+01
1.429934263599999866e+01
1.363545911999999838e+01
2.115845704999999910e+01
1.440905303999999987e+01
1.321819223700000201e+01
1.870199102000000124e+01
1.236275983800000056e+01
1.453547901999999858e+01
1.171328203999999928e+01
1.859497106999999971e+01
1.273268802000000122e+01
1.758239200999999952e+01
1.966268902000000196e+01
9.762192009999999698e+00
1.057724415999999934e+01
1.560388702000000016e+01
1.178228702999999911e+01
1.048195882799999978e+01
1.708621996799999820e+01
8.850996999999999559e+00
1.733629525699999974e+01
1.442692343899999941e+01
1.274268603000000155e+01
1.353607399999999750e+01
2.326467604999999850e+01
1.532378603000000084e+01
2.012655412999999882e+01
2.041844413000000102e+01
1.378199102000000131e+01
1.951547502999999750e+01
1.623376562900000053e+01
1.673248901999999916e+01
1.642864312999999754e+01
2.038647304999999577e+01
1.852468302999999850e+01
9.725828428999999886e+00
1.341607304000000056e+01
1.260398503000000048e+01
2.013936402999999586e+01
1.359645510999999907e+01
1.748537804000000051e+01
1.647046483799999805e+01
1.949438702000000134e+01
2.124568901999999682e+01
1.339892721999999914e+01
6.812189019999999928e+00
1.841568204000000009e+01
1.082149401000000033e+01
1.675229101000000043e+01
1.177258602999999937e+01
1.868278603000000260e+01
1.360615213999999717e+01
1.938725311000000318e+01
2.054348204000000067e+01
1.908233744699999690e+01
1.763368103999999903e+01
1.748656605000000042e+01
6.841298999999999353e+00
1.242697303999999825e+01
2.154447704999999758e+01
1.910262412999999881e+01
1.678258403999999970e+01
1.360298702000000048e+01
1.857507007000000243e+01
1.754477604999999940e+01
1.371298303999999924e+01
1.571268802000000164e+01
1.381198803000000019e+01
2.232060347900000252e+01
1.621802243900000207e+01
1.758219500999999951e+01
1.551478303000000025e+01
2.145712442899999672e+01
1.805064814999999712e+01
1.353487303999999902e+01
1.451696304000000026e+01
1.255627100999999968e+01
2.218379342900000140e+01
1.473239100999999884e+01
2.300146382799999856e+01
1.464682343900000028e+01
1.558811644899999926e+01
2.485806058900000437e+01
1.947537803999999895e+01
1.925110343899999776e+01
1.562555612999999965e+01
1.247118654900000045e+01
1.643069053899999687e+01
1.853438901999999899e+01
2.125484682799999803e+01
1.450891046899999992e+01
1.611193066599999923e+01
1.918435664899999793e+01
1.461477602999999981e+01
1.974129800000000046e+01
1.255537702999999894e+01
1.446765013999999994e+01
7.647621419000000031e+00
2.323816507999999814e+01
1.173288503000000027e+01
1.349834709999999838e+01
9.731494010000000472e+00
1.370288603000000194e+01
1.568612742900000079e+01
2.531716206000000113e+01
1.535467603000000025e+01
1.458595711999999978e+01
1.725625611999999975e+01
6.772785029999999651e+00
1.906412408999999997e+01
1.354437902000000093e+01
1.963328402999999867e+01
1.554368103999999917e+01
2.479896504999999962e+01
1.655358302999999864e+01
1.453597004000000048e+01
1.958398203000000137e+01
2.135588603000000063e+01
1.751685014000000251e+01
1.934606705000000204e+01
8.831494010000000117e+00
1.460477801999999947e+01
1.748019452899999848e+01
1.742578104000000039e+01
2.731894016000000036e+01
2.466288802000000047e+01
1.860398503000000048e+01
2.212762873899999860e+01
1.845686504999999755e+01
1.744397805000000190e+01
1.831050445900000057e+01
1.613871193800000015e+01
1.596236432699999952e+01
1.639099552900000134e+01
1.246156582799999946e+01
1.864328403000000023e+01
2.444557305000000014e+01
2.322824512999999769e+01
1.841130230999999995e+01
2.109143066599999727e+01
2.430991445899999803e+01
1.170388201000000095e+01
1.757437904000000017e+01
1.868368003999999871e+01
1.723320722000000060e+01
1.243189433000000044e+01
1.371278603000000196e+01
8.743084029999998563e+00
2.054467405999999841e+01
1.338755014000000010e+01
1.833756904999999904e+01
2.137865902000000062e+01
1.839128853900000138e+01
2.130090944899999883e+01
1.524094805000000008e+01
1.433871741900000174e+01
1.944448002999999758e+01
1.895588454900000386e+01
1.077248603000000138e+01
1.770268603000000240e+01
1.165239100999999877e+01
1.701741594800000001e+01
1.157409001999999987e+01
1.082159301000000085e+01
1.450468802000000146e+01
2.028445664899999912e+01
1.560633240899999841e+01
1.547761944900000053e+01
1.962289499999999975e+01
1.834805712000000000e+01
2.116154601999999940e+01
2.224180345899999978e+01
1.739922224000000028e+01
1.848537702000000138e+01
1.717112423000000021e+01
1.753229002000000136e+01
1.918486955900000268e+01
1.804485584799999742e+01
1.557278802000000084e+01
1.957477801999999656e+01
1.932466410999999695e+01
2.145772941900000319e+01
1.841646011000000271e+01
2.300301524999999714e+01
1.518236183800000205e+01
2.255428003999999831e+01
1.365593141899999985e+01
2.097438833999999730e+01
1.455655312999999929e+01
1.627324986799999706e+01
1.550116283800000083e+01
2.037825903999999966e+01
1.641547901999999937e+01
1.858457604999999901e+01
1.562467801999999928e+01
1.663229101000000298e+01
1.165457602999999942e+01
1.769288702000000058e+01
2.121527405999999871e+01
2.832676904000000206e+01
1.652831445900000062e+01
1.179199001999999830e+01
1.732993418000000219e+01
9.780797999999998993e+00
9.821394010000000563e+00
1.361298503000000082e+01
9.403451838000000507e+00
1.842736503000000070e+01
1.458507503000000050e+01
1.454399001999999896e+01
1.769278603000000061e+01
1.560378502999999917e+01
1.376189499999999910e+01
1.649744814000000304e+01
2.627707604000000075e+01
2.031964806999999951e+01
1.363219301000000172e+01
1.358742143900000166e+01
2.231030646899999681e+01
1.939059452900000124e+01
1.707749223700000130e+01
2.543646705000000097e+01
1.590814684799999945e+01
1.474229002000000044e+01
1.340697502999999813e+01
1.366348203999999988e+01
1.755507901000000004e+01
8.772586029999999369e+00
2.009819524699999604e+01
1.452712243900000111e+01
1.085169102000000052e+01
2.088065802000000204e+01
1.754606208999999950e+01
1.446745113999999965e+01
2.243617003999999682e+01
1.147319002000000054e+01
1.443642941899999954e+01
1.445636406000000029e+01
2.112399146900000346e+01
1.908928228699999963e+01
1.648842143899999968e+01
1.703321624999999884e+01
1.654596804999999904e+01
1.273288503000000027e+01
1.270348103999999978e+01
1.268388301000000062e+01
1.646774714000000017e+01
1.464388202999999855e+01
1.315351322999999795e+01
1.550636803999999991e+01
1.652752541899999983e+01
1.658339399999999841e+01
1.175189499999999931e+01
1.738530323700000224e+01
1.641030644900000013e+01
1.650861345900000288e+01
1.530649525699999813e+01
1.459228901999999906e+01
1.564427405999999898e+01
1.165585512999999906e+01
1.861368501999999836e+01
1.819192523000000250e+01
1.329190741900000106e+01
2.033766307999999512e+01
1.437775805000000062e+01
1.269476311000000024e+01
1.644812741900000219e+01
1.744853816999999907e+01
1.374278502999999851e+01
1.948782143899999753e+01
1.661329101000000108e+01
1.262555812000000088e+01
1.760278603000000430e+01
2.507173807000000210e+01
1.757418402999999785e+01
1.457752342900000109e+01
2.027208953899999955e+01
1.923220642900000144e+01
1.743567303000000024e+01
2.582629623999999424e+01
1.844557004999999705e+01
1.567358003999999916e+01
2.104734467899999828e+01
1.851861345900000089e+01
1.163339002000000200e+01
1.182189002000000144e+01
1.374248801999999969e+01
1.021423692799999827e+01
1.649039153900000088e+01
1.449459101000000061e+01
1.448882721999999923e+01
1.070198802999999899e+01
1.476169301000000189e+01
1.275248603000000003e+01
1.928863120999999836e+01
1.560418403000000076e+01
2.346528003999999967e+01
1.246815011999999889e+01
1.522916505999999792e+01
1.353764811999999829e+01
1.744824412999999907e+01
1.837864615000000157e+01
2.026367355900000078e+01
1.462229201000000067e+01
2.510123315999999960e+01
1.821475282800000173e+01
8.871095009999999448e+00
2.110262322999999896e+01
1.356409002000000008e+01
1.550526410000000155e+01
2.342477504999999738e+01
2.246467504999999676e+01
1.164289800000000064e+01
2.024444586799999612e+01
2.000546482800000092e+01
2.572082681799999904e+01
1.460507304000000062e+01
2.298592793799999967e+01
1.559506807999999900e+01
1.655742143900000229e+01
1.364595213999999856e+01
1.759692343900000111e+01
1.764477206000000109e+01
1.424729425700000007e+01
1.565427901999999882e+01
1.452675712000000097e+01
1.907565564899999799e+01
2.227854214999999982e+01
1.537992721999999901e+01
2.221798726699999804e+01
1.563476807999999885e+01
1.365565712000000076e+01
1.352339100999999921e+01
2.624408202999999773e+01
1.826455763899999951e+01
1.168613041900000127e+01
1.295690933800000089e+01
1.729666306000000020e+01
1.930235684800000229e+01
1.840712442899999957e+01
2.044776003999999858e+01
1.560497602999999955e+01
3.418975105999999187e+01
1.628884310999999840e+01
1.843368303000000097e+01
1.463457703000000087e+01
1.254537901999999860e+01
1.078278303999999999e+01
1.852801943899999770e+01
1.543874313000000065e+01
2.045517904000000087e+01
1.474189301000000007e+01
1.759487106999999995e+01
2.205027432700000389e+01
1.171367805000000040e+01
1.730697904000000165e+01
1.171149401000000090e+01
1.670308402999999942e+01
1.264328500999999960e+01
1.320171642899999931e+01
2.434756105999999676e+01
1.078079800000000077e+01
1.567328602000000082e+01
1.918871345900000236e+01
1.154488304000000021e+01
2.140814613999999949e+01
1.370279102000000115e+01
1.632487702000000240e+01
1.544535911999999911e+01
1.740923715000000271e+01
1.962368501999999992e+01
1.166632941900000020e+01
1.795340422999999674e+01
1.760682443900000038e+01
1.348706702000000135e+01
7.662294010000000100e+00
1.646706503000000055e+01
1.958536409999999961e+01
1.653783620000000099e+01
1.353831644899999986e+01
1.563368204000000183e+01
1.760229200999999932e+01
2.235547404999999443e+01
1.840726901000000382e+01
1.348348501000000255e+01
1.538834312999999909e+01
1.567209002000000062e+01
1.472288502999999871e+01
1.748712442899999786e+01
1.173278502999999873e+01
2.487368055900000030e+01
2.141627206000000072e+01
1.075119501000000000e+01
1.375228901999999920e+01
1.766308701999999897e+01
6.900796010000000535e+00
1.651616704999999996e+01
2.019904014000000103e+01
1.358645113999999943e+01
1.535586311000000137e+01
9.910398999999999958e+00
1.612320644900000133e+01
1.833547601999999799e+01
1.250126283800000060e+01
1.438752143900000036e+01
1.342931644899999988e+01
1.365248702999999963e+01
2.342764813999999873e+01
1.640881642900000159e+01
2.233863020999999804e+01
1.427995802000000047e+01
1.448656604999999864e+01
1.671268802000000164e+01
1.849784215999999759e+01
1.712627634999999771e+01
1.896411622000000108e+01
1.278228702999999911e+01
2.108410043900000019e+01
1.534872542899999992e+01
2.143706502999999941e+01
1.642910150899999877e+01
1.164319200999999993e+01
1.847508503000000246e+01
1.126660602799999822e+01
2.013111741899999885e+01
4.771788029999999736e+00
9.762586029999999582e+00
1.453258602999999738e+01
9.772982040000000481e+00
9.880599000000000132e+00
1.274258801999999946e+01
1.909766402999999713e+01
1.831961143899999556e+01
1.566368004000000091e+01
1.923388534999999777e+01
2.150547105999999786e+01
1.658702542900000054e+01
1.176228901999999898e+01
6.841792009999999813e+00
2.046547505999999927e+01
9.821494010000000330e+00
1.930955403000000103e+01
2.222548403000000050e+01
1.568149400999999976e+01
1.843557500999999732e+01
1.825345684800000257e+01
1.046832821999999830e+01
1.569269000999999975e+01
1.374268502999999875e+01
1.738963812000000075e+01
1.184169101999999896e+01
1.745397704999999888e+01
1.180189002000000009e+01
1.944547203999999851e+01
2.343577105999999688e+01
1.651616704999999996e+01
1.727161724000000120e+01
1.859653040899999965e+01
8.743482020000000077e+00
1.438294091800000096e+01
9.638304509000001019e+00
2.141871644899999794e+01
1.837825708000000091e+01
1.968268702999999675e+01
1.752675113999999823e+01
1.536804415000000112e+01
1.751813321000000201e+01
1.548537203999999967e+01
1.057228901999999948e+01
5.871095009999999448e+00
1.822010844900000137e+01
1.831638602000000304e+01
1.624832921999999868e+01
1.945881345900000170e+01
1.851527901000000043e+01
1.556308900999999878e+01
1.842687004000000073e+01
1.749752941900000280e+01
1.937585711999999916e+01
1.277199200999999995e+01
1.573258801999999967e+01
1.462278502999999930e+01
2.307308953900000148e+01
1.942417505999999960e+01
1.964288802000000089e+01
1.557615313999999884e+01
1.854289001000000070e+01
2.217232415000000145e+01
1.373278502999999873e+01
2.166259201000000090e+01
2.233963614999999692e+01
1.162467602999999983e+01
2.053861345900000046e+01
1.952527304999999913e+01
2.045507701999999739e+01
1.645527105999999762e+01
2.159408004000000147e+01
1.625310722000000041e+01
1.268496011999999951e+01
1.465387805000000121e+01
2.151507801999999714e+01
7.744563109999999639e+00
2.229219943899999734e+01
1.126624961899999988e+01
1.940637601999999973e+01
1.834941943899999828e+01
1.530378831999999889e+01
1.941676803999999734e+01
1.471249401000000034e+01
2.130567303000000123e+01
2.049106383800000231e+01
1.373099800000000137e+01
2.051665213000000065e+01
1.520619923699999987e+01
1.871238901999999982e+01
1.434776103999999997e+01
2.003703582799999694e+01
1.069209101000000040e+01
2.239844017000000065e+01
1.270358401000000015e+01
1.081179200999999956e+01
1.168318902000000037e+01
1.244527004999999953e+01
1.663338602000000321e+01
1.852477804000000106e+01
2.386248387900000267e+01
1.155096283800000023e+01
1.328126782800000072e+01
1.954801744899999960e+01
1.671238802999999962e+01
1.461752241900000016e+01
1.927325784799999653e+01
1.363268603000000212e+01
1.951597102999999578e+01
1.641982322000000138e+01
9.645757120000000739e+00
1.849567005999999836e+01
1.766348104000000063e+01
1.342645911999999875e+01
1.665298701999999764e+01
1.149625413000000052e+01
2.607163816999999995e+01
2.526791844899999973e+01
1.083139401000000035e+01
2.051478103999999902e+01
1.560427704999999854e+01
1.276218902000000099e+01
1.170367805000000061e+01
1.561447901999999921e+01
1.541961642900000129e+01
2.396320874599999939e+01
1.619485265899999860e+01
1.649832044899999772e+01
1.463288503000000063e+01
1.379199001999999830e+01
1.519799026699999978e+01
1.357228901999999948e+01
1.386305734700000158e+01
1.642657306000000261e+01
2.110845109000000264e+01
1.961397904000000025e+01
1.755813221000000013e+01
2.004183365599999789e+01
6.900796010000000535e+00
1.447128752899999959e+01
1.066258602999999994e+01
1.607487255899999923e+01
1.170278802000000162e+01
2.164348204000000209e+01
9.792189020000000355e+00
2.306247856899999960e+01
2.746831545899999938e+01
1.459387705000000146e+01
1.285139201999999869e+01
1.661388404000000207e+01
1.738772642900000065e+01
1.747308701999999769e+01
6.755531419000000426e+00
1.571308204000000153e+01
