4.149308012895901454e-01
4.009816252576001161e-01
3.973966003812209880e-01
4.163866616858432068e-01
3.956368049202081405e-01
4.003608751388040288e-01
4.127758295520379539e-01
4.075648991959049949e-01
3.865574984679248649e-01
3.844728488019064638e-01
4.205959852621250494e-01
4.075313647480370838e-01
4.154116510400051587e-01
4.221468524980154791e-01
4.105939019311722338e-01
4.225683988069828811e-01
4.028414606147722732e-01
4.186118938441847903e-01
4.308556456706517657e-01
3.848495824494337914e-01
4.286429072655473793e-01
4.049082375310535942e-01
4.001202645319950069e-01
4.095471732884738425e-01
3.979450316626896300e-01
4.141576900234834602e-01
4.063212806981796876e-01
4.237260697641780927e-01
4.192837731803844559e-01
3.918327764922313050e-01
4.078256016907100823e-01
4.022150171599476742e-01
4.073653530179099924e-01
3.763815994967401046e-01
4.047960964619107260e-01
4.106159278499678655e-01
4.259432579767148952e-01
4.129045194936759033e-01
4.016068979392235505e-01
4.000354311335064250e-01
4.054570079881662514e-01
3.954857424241912667e-01
4.102865562865802840e-01
4.001381878624744592e-01
4.079742180283073560e-01
3.867977440047223880e-01
4.082868641966667100e-01
4.105429355778448253e-01
4.155917783614372363e-01
4.056469366232421936e-01
4.133039688917963805e-01
3.987324437506440944e-01
4.065687713435985895e-01
4.269700386821470017e-01
3.876645799672124304e-01
4.068939886598459399e-01
3.945978370550897729e-01
4.208616143691207290e-01
4.009857832471911410e-01
4.195925572536685633e-01
4.011389246501558814e-01
4.241315473270197978e-01
4.077396244786252177e-01
4.030873119072990174e-01
3.928611077842316668e-01
3.997281047541492716e-01
3.834706805608784075e-01
4.186509778381367619e-01
4.160709413928017630e-01
4.244630652755467803e-01
3.988322315816564267e-01
4.241584624347092825e-01
3.934947683096488569e-01
4.144158776365107211e-01
3.974128991003554878e-01
4.142829150803936655e-01
4.246058615221669497e-01
3.893569014157950980e-01
3.932266081402735480e-01
3.989494152500357438e-01
4.151158406198082185e-01
3.912860974079399035e-01
4.212030678334289235e-01
4.136801061014891423e-01
3.914036215455084511e-01
4.210197961314255943e-01
4.139695529596194024e-01
4.192616625906077643e-01
4.103844409294543638e-01
4.226223669714246900e-01
4.200460604593103664e-01
3.951823483281020066e-01
4.017403487340584500e-01
4.110981408074906307e-01
4.162676730513115153e-01
4.059431987936986674e-01
3.998756133389149703e-01
4.203749638684347034e-01
3.894492002030690014e-01
4.219922736498374349e-01
