3.253357410430908203e-01
9.010413885116577148e-01
3.589387834072113037e-01
6.503877639770507812e-01
5.592840909957885742e-01
4.198081195354461670e-01
1.375002413988113403e-01
5.631645917892456055e-01
6.990012526512145996e-01
8.321566581726074219e-01
3.416841924190521240e-01
3.505308628082275391e-01
6.267825961112976074e-01
4.705431759357452393e-01
3.498661518096923828e-01
4.440355002880096436e-01
9.180666208267211914e-01
3.488568365573883057e-01
1.026435256004333496e+00
2.835296392440795898e-01
7.324759364128112793e-01
2.542825341224670410e-01
2.861809730529785156e-01
5.984751582145690918e-01
1.982456445693969727e-01
8.977079987525939941e-01
3.528329730033874512e-01
5.161284804344177246e-01
4.316959083080291748e-01
4.191167950630187988e-01
2.464345395565032959e-01
3.051774501800537109e-01
3.307664096355438232e-01
6.321913003921508789e-01
3.452827632427215576e-01
3.290116786956787109e-01
5.835688710212707520e-01
3.436115086078643799e-01
2.782807052135467529e-01
8.808109164237976074e-01
5.908646583557128906e-01
2.575939595699310303e-01
4.122594594955444336e-01
3.139829635620117188e-01
1.704544872045516968e-01
3.896479308605194092e-01
4.569187462329864502e-01
4.601247906684875488e-01
3.953492343425750732e-01
4.579989314079284668e-01
5.050625205039978027e-01
4.260948300361633301e-01
4.074293076992034912e-01
nan
4.648580551147460938e-01
5.530374646186828613e-01
3.661576211452484131e-01
1.479269117116928101e-01
3.601990342140197754e-01
nan
4.021031856536865234e-01
5.903050303459167480e-01
1.563037335872650146e-01
2.230177521705627441e-01
2.148038148880004883e-01
8.111057877540588379e-01
6.497402191162109375e-01
1.067408680915832520e+00
3.308749496936798096e-01
5.261652469635009766e-01
3.358741700649261475e-01
5.565268397331237793e-01
nan
4.633395373821258545e-01
3.946151137351989746e-01
5.768354535102844238e-01
4.354183673858642578e-01
6.286678314208984375e-01
3.771164417266845703e-01
3.091698288917541504e-01
6.727544665336608887e-01
4.803170859813690186e-01
6.767772436141967773e-01
3.164578974246978760e-01
9.027685523033142090e-01
nan
3.120936155319213867e-01
3.047581613063812256e-01
1.384791284799575806e-01
7.835665941238403320e-01
6.381121277809143066e-01
2.975894510746002197e-01
3.083814680576324463e-01
3.822424709796905518e-01
3.737482130527496338e-01
2.588797807693481445e-01
3.210277259349822998e-01
nan
9.145319461822509766e-01
1.131001710891723633e+00
4.361706078052520752e-01
5.019659399986267090e-01
2.753988802433013916e-01
6.951532959938049316e-01
3.657769560813903809e-01
3.071699738502502441e-01
3.152100443840026855e-01
1.013476133346557617e+00
nan
3.713411092758178711e-01
4.465698301792144775e-01
4.443252384662628174e-01
3.125020861625671387e-01
5.195505619049072266e-01
1.071319222450256348e+00
1.402669548988342285e+00
4.225196242332458496e-01
8.488968610763549805e-01
3.627698123455047607e-01
4.985859394073486328e-01
4.274179637432098389e-01
7.156604528427124023e-01
6.264829039573669434e-01
3.522569239139556885e-01
4.563263058662414551e-01
7.302693128585815430e-01
6.639049053192138672e-01
6.464726924896240234e-01
7.504532933235168457e-01
4.161207079887390137e-01
1.885157227516174316e-01
3.799402415752410889e-01
1.031078577041625977e+00
5.655745267868041992e-01
4.504047334194183350e-01
nan
8.153496980667114258e-01
3.861767649650573730e-01
6.141510605812072754e-01
3.644291758537292480e-01
3.372870981693267822e-01
4.084431827068328857e-01
5.611873269081115723e-01
4.523288011550903320e-01
5.031434297561645508e-01
2.783661186695098877e-01
6.712441444396972656e-01
7.467548847198486328e-01
6.312460303306579590e-01
2.822608947753906250e-01
3.756521940231323242e-01
2.531628608703613281e-01
5.383056998252868652e-01
3.690767586231231689e-01
5.044010281562805176e-01
4.479975998401641846e-01
2.528543472290039062e-01
5.213232636451721191e-01
3.134764730930328369e-01
3.287558257579803467e-01
3.593823313713073730e-01
3.739988207817077637e-01
3.221933543682098389e-01
4.311254918575286865e-01
6.277791857719421387e-01
4.552195668220520020e-01
1.715588867664337158e-01
5.143467187881469727e-01
3.169839382171630859e-01
6.861214637756347656e-01
4.492801725864410400e-01
4.043268263339996338e-01
3.988099992275238037e-01
nan
3.620935082435607910e-01
5.289686322212219238e-01
5.627167820930480957e-01
4.750051796436309814e-01
3.633424341678619385e-01
4.889031350612640381e-01
3.888948261737823486e-01
6.702231764793395996e-01
3.327787220478057861e-01
5.166968107223510742e-01
7.259060740470886230e-01
3.566242754459381104e-01
3.528263568878173828e-01
2.854748964309692383e-01
4.338342845439910889e-01
4.402500987052917480e-01
4.050685465335845947e-01
1.138951063156127930e+00
4.496692419052124023e-01
nan
4.223672747611999512e-01
2.276892811059951782e-01
3.951146006584167480e-01
9.337912201881408691e-01
5.040432810783386230e-01
2.953610718250274658e-01
