1.000000000000000000e+03
6.000000000000000000e+03
1.100000000000000000e+04
1.600000000000000000e+04
2.100000000000000000e+04
2.600000000000000000e+04
3.100000000000000000e+04
3.600000000000000000e+04
4.100000000000000000e+04
4.600000000000000000e+04
5.100000000000000000e+04
5.600000000000000000e+04
6.100000000000000000e+04
6.600000000000000000e+04
7.100000000000000000e+04
7.600000000000000000e+04
8.100000000000000000e+04
8.600000000000000000e+04
9.100000000000000000e+04
9.600000000000000000e+04
1.010000000000000000e+05
