3.808871419429032401e-01
2.092447545832493427e-01
3.708031382332487857e-01
3.062393667738771974e-01
3.398611542261005258e-01
3.778228598131579963e-01
4.006499630445002902e-01
3.383181769681016249e-01
2.909182979973108374e-01
2.331027278098600497e-01
3.921106067452065358e-01
3.729461125468832017e-01
2.996055496815906993e-01
3.578193295682296493e-01
3.859475656347896577e-01
3.624223637573167900e-01
1.901260358076188872e-01
3.893812745624556371e-01
1.762380572847089266e-01
3.691400904575382058e-01
2.698209586373688240e-01
3.859601151252460283e-01
3.655710104096696611e-01
2.963232260559152675e-01
3.855455925563852637e-01
2.222980014699667273e-01
3.840640074279447203e-01
3.486345419786145428e-01
3.810283756888329099e-01
3.643173009854641653e-01
3.816180839422191884e-01
3.866050473073303073e-01
3.810233453654718883e-01
3.042718767110337841e-01
3.750702830126833587e-01
3.973959741204798335e-01
3.340301931233031207e-01
3.822975363632235557e-01
3.693725977628583013e-01
2.103172025856382688e-01
3.351448959872968536e-01
3.755415503054924109e-01
3.630203350430852294e-01
3.787462142251318831e-01
3.974740645177204379e-01
3.512219465793112172e-01
3.526572166862337876e-01
3.559126583774440689e-01
3.762218565264426884e-01
3.706060337985243591e-01
3.410944891990048133e-01
3.478398867889681556e-01
3.666714499252342052e-01
2.048732687560063936e-01
3.432762112614127781e-01
3.325999703183684653e-01
3.672376040895981020e-01
4.129111657614248365e-01
3.667604257735559425e-01
3.483727652525826501e-01
3.772334268998813189e-01
3.214381853694864843e-01
3.985349278287358410e-01
3.788459291751944957e-01
3.761971248248962008e-01
2.356848517101326201e-01
2.792554981717913498e-01
1.628817946745443057e-01
3.851898525778569837e-01
3.552250204240525178e-01
3.677501914769645830e-01
3.362743215136806407e-01
2.561176758308947310e-01
3.860782359431358390e-01
3.671458489510385781e-01
3.258286183793361879e-01
3.853456180333281189e-01
2.968418277165877917e-01
3.801015249876850688e-01
3.625902312557957030e-01
2.862604367287551743e-01
3.270967552124289801e-01
3.088679492289784223e-01
3.870101816849892407e-01
2.006777780496688535e-01
2.682275145582190823e-01
3.884492969365153647e-01
3.996176396210807114e-01
4.009109658665811482e-01
2.615227257277658590e-01
3.082952793801870262e-01
3.697720335525840896e-01
3.835825326300792426e-01
3.887209786845383097e-01
3.842876979853136477e-01
3.901572952322787668e-01
3.831755581473295091e-01
2.250596728907561794e-01
2.022607531868681197e-01
1.395052507746625536e-01
